----- Setup -----

    1  2  3  4  5  6  7  8  9  10  score  score_11  score_diff  score_diff_abs
id                                                                            
1   1  3  3  1  2  1  3  1  1   1   42.5      73.0        30.5            30.5
2   3  3  3  3  3  4  3  4  3   4   82.5      73.0        -9.5             9.5
4   3  3  3  1  3  4  4  3  2   0   65.0      85.0        20.0            20.0
3   2  1  1  4  2  4  3  2  2   4   62.5      52.0       -10.5            10.5
5   3  3  3  3  3  3  4  4  3   3   80.0      73.0        -7.0             7.0
6   4  4  4  4  3  4  4  4  4   4   97.5      85.0       -12.5            12.5
7   3  3  3  4  2  3  3  4  2   3   75.0      73.0        -2.0             2.0
8   3  4  3  3  3  3  2  4  3   3   77.5      85.0         7.5             7.5
9   2  4  4  4  4  4  4  4  2   4   90.0      73.0       -17.0            17.0
10  3  4  3  0  3  2  4  3  2   3   67.5      52.0       -15.5            15.5
11  3  3  3  4  3  4  2  3  4   4   82.5      73.0        -9.5             9.5

Means and medians per question (columns):
         1     2    3     4     5     6     7     8     9   10
mean  2.73  3.18  3.0  2.82  2.82  3.27  3.27  3.27  2.55  3.0
50%   3.00  3.00  3.0  3.00  3.00  4.00  3.00  4.00  2.00  3.0

Description of all differences (score_11 - score):
count    11.000000
mean     12.863636
std       7.717159
min       2.000000
25%       8.500000
50%      10.500000
75%      16.250000
max      30.500000
Name: score_diff_abs, dtype: float64

----- Usage bt -----

    1  2  3  4  5  6  7  8  9  10  score  score_11  score_diff  score_diff_abs
id                                                                            
1   3  3  4  4  3  4  4  4  3   4   90.0      85.0        -5.0             5.0
2   3  3  3  3  3  3  3  2  3   3   72.5      85.0        12.5            12.5
4   3  3  4  1  3  3  4  3  3   1   70.0      85.0        15.0            15.0
3   1  4  3  4  3  4  4  2  2   4   77.5      52.0       -25.5            25.5
5   4  3  4  4  3  3  4  4  3   3   87.5      85.0        -2.5             2.5
6   3  2  4  4  3  4  3  1  2   4   75.0      73.0        -2.0             2.0
7   3  3  3  3  4  1  4  3  3   4   77.5      73.0        -4.5             4.5
8   4  4  4  4  3  3  3  4  3   4   90.0      85.0        -5.0             5.0
10  3  2  3  0  3  2  4  3  2   3   62.5      73.0        10.5            10.5
11  4  3  4  4  3  2  3  3  4   4   85.0      73.0       -12.0            12.0

Means and medians per question (columns):
        1    2    3    4    5    6    7    8    9   10
mean  3.1  3.0  3.6  3.1  3.1  2.9  3.6  2.9  2.8  3.4
50%   3.0  3.0  4.0  4.0  3.0  3.0  4.0  3.0  3.0  4.0

Description of all differences (score_11 - score):
count    10.000000
mean      9.450000
std       7.251245
min       2.000000
25%       4.625000
50%       7.750000
75%      12.375000
max      25.500000
Name: score_diff_abs, dtype: float64

----- Usage trad -----

    1  2  3  4  5  6  7  8  9  10  score  score_11  score_diff  score_diff_abs
id                                                                            
1   1  2  3  4  3  2  3  4  3   2   67.5      52.0       -15.5            15.5
2   3  3  3  3  3  3  3  2  3   3   72.5      73.0         0.5             0.5
4   1  3  1  1  3  2  3  3  2   1   50.0      52.0         2.0             2.0
3   2  3  3  4  3  3  4  1  2   4   72.5      52.0       -20.5            20.5
5   2  3  3  4  2  4  3  3  2   3   72.5      52.0       -20.5            20.5
6   3  4  4  4  2  2  4  4  2   4   82.5      73.0        -9.5             9.5
7   3  3  3  4  4  3  4  3  4   4   87.5      85.0        -2.5             2.5
8   3  3  3  4  4  3  3  4  3   3   82.5      73.0        -9.5             9.5
10  4  3  3  3  3  3  4  3  3   3   80.0      73.0        -7.0             7.0
11  3  0  3  4  2  2  1  2  4   4   62.5      52.0       -10.5            10.5

Means and medians per question (columns):
        1    2    3    4    5    6    7    8    9   10
mean  2.5  2.7  2.9  3.5  2.9  2.7  3.2  2.9  2.8  3.1
50%   3.0  3.0  3.0  4.0  3.0  3.0  3.0  3.0  3.0  3.0

Description of all differences (score_11 - score):
count    10.000000
mean      9.800000
std       7.231106
min       0.500000
25%       3.625000
50%       9.500000
75%      14.250000
max      20.500000
Name: score_diff_abs, dtype: float64


Shapiro-Wilk test to determine if sus diffs are normally distriuted:
          W      pval  normal
0  0.929591  0.443882    True

SUS BT vs Trad T test:
               T  dof alternative     p-val           CI95%   cohen-d   BF10     power
T-test  1.268031    9   two-sided  0.236606  [-4.51, 16.01]  0.563289  0.584  0.356882

